37.76657,-122.41548,1212630877
37.77846,-122.39339,1212630232
37.78528,-122.4115,1212628418
37.77684,-122.39477,1212630320
37.78683,-122.42023,1212629438
37.7859,-122.43338,1212629035
37.80459,-122.43715,1212628372
37.75312,-122.43059,1212630935
37.77484,-122.43775,1212630251
37.75983,-122.47036,1212629432
37.75729,-122.41594,1212630961
37.78413,-122.42107,1212630484
37.7945,-122.42527,1212629700
37.61781,-122.38633,1212627878
37.78489,-122.42287,1212631172
37.77374,-122.42231,1212630463
37.78789,-122.44049,1212629725
37.77414,-122.40819,1212628815
37.79268,-122.39848,1212630978
37.79974,-122.40812,1212630525
37.80072,-122.43755,1212629869
37.79031,-122.39733,1212628693
37.79016,-122.39054,1212630197
37.78927,-122.40217,1212629322
37.80761,-122.47489,1212627763
37.79743,-122.4321,1212628691
37.80839,-122.41015,1212630988
37.7719,-122.43375,1212629138
37.76779,-122.394,1212628493
37.78219,-122.43921,1212631183
37.78131,-122.46859,1212630092
37.7841,-122.40837,1212629390
37.78379,-122.40803,1212629381
37.79625,-122.42016,1212630822
37.77668,-122.39548,1212630044
37.7916,-122.41322,1212629473
37.78231,-122.40165,1212628031
37.7916,-122.41235,1212630050
37.78267,-122.39744,1212629597
37.78611,-122.40201,1212628593
37.67298,-122.39026,1212627712
37.76863,-122.42896,1212630983
37.78616,-122.43989,1212630527
37.79839,-122.43292,1212629258
37.79701,-122.3988,1212628164
37.80112,-122.41163,1212630695
37.78948,-122.38875,1212629942
37.80331,-122.45303,1212627890
37.61785,-122.38573,1212628603
37.79846,-122.41786,1212630859
37.80109,-122.41782,1212630278
37.79054,-122.40569,1212629838
37.76801,-122.4223,1212628876
37.78421,-122.39053,1212631008
37.79995,-122.40549,1212630400
37.79684,-122.43014,1212628937
37.79314,-122.39305,1212627895
37.78765,-122.40825,1212629866
37.78492,-122.38977,1212629204
37.79118,-122.44508,1212630093
37.61779,-122.38622,1212630099
37.78379,-122.40796,1212629051
37.79755,-122.43208,1212627929
37.78135,-122.46535,1212630394
37.78941,-122.407,1212629519
37.7975,-122.40545,1212628944
37.79234,-122.44325,1212628468
37.8,-122.44119,1212628024
37.80142,-122.41608,1212629647
37.77812,-122.41545,1212628903
37.75268,-122.41086,1212628240
37.7897,-122.42816,1212628906
37.79108,-122.40072,1212630862
37.80087,-122.43611,1212629476
37.80034,-122.42938,1212629149
37.79954,-122.42371,1212628208
37.80625,-122.41033,1212627661
37.79072,-122.40479,1212631033
37.79583,-122.43855,1212630397
37.80322,-122.45756,1212629784
37.80883,-122.41253,1212628542
37.8,-122.43605,1212627896
37.7879,-122.41877,1212629618
37.78798,-122.41883,1212629482
37.79506,-122.40057,1212628602
37.7897,-122.39818,1212630016
37.77662,-122.39545,1212629602
37.78523,-122.40447,1212629127
37.7977,-122.40628,1212628523
37.78873,-122.41359,1212627619
37.79453,-122.39616,1212629257
37.74499,-122.4756,1212631060
37.76115,-122.46829,1212630234
37.78876,-122.41194,1212628553
37.79935,-122.41024,1212629615
37.78743,-122.45311,1212629223
37.80029,-122.4106,1212628296
37.79733,-122.40523,1212630581
37.77732,-122.46421,1212627828
37.78776,-122.40695,1212630677
37.77024,-122.44503,1212629005
37.78955,-122.4136,1212628010
37.79771,-122.43114,1212630960
37.79196,-122.40904,1212630473
37.80089,-122.4228,1212629211
37.79085,-122.4207,1212630751
37.77539,-122.43433,1212629641
37.77021,-122.44562,1212629286
37.77264,-122.45087,1212630654
37.73813,-122.42738,1212629772
37.7649,-122.42173,1212628705
37.80287,-122.4139,1212629287
37.79501,-122.40474,1212628899
37.78158,-122.41659,1212627648
37.77264,-122.39734,1212628721
37.79268,-122.39315,1212628048
37.76451,-122.45985,1212629926
37.77841,-122.39952,1212628971
37.77394,-122.43165,1212627777
37.78331,-122.40865,1212630615
37.7813,-122.43224,1212630201
37.79036,-122.43418,1212629901
37.79317,-122.41434,1212628241
37.79058,-122.40259,1212630992
37.78773,-122.3988,1212630049
37.78586,-122.42896,1212628601
37.794,-122.4129,1212630831
37.75646,-122.4189,1212629701
37.78547,-122.42308,1212628307
37.77226,-122.41903,1212627917
37.80029,-122.42422,1212630550
37.78688,-122.40324,1212629903
37.80181,-122.40455,1212628971
37.78925,-122.40706,1212628493
37.78866,-122.40167,1212631076
37.73851,-122.40403,1212627696
37.77422,-122.40481,1212630957
37.75984,-122.44533,1212629560
37.78903,-122.40217,1212628464
37.78764,-122.41364,1212628247
37.77835,-122.4121,1212627839
37.78772,-122.42127,1212630537
37.78508,-122.49982,1212628897
37.78764,-122.40385,1212627738
37.76585,-122.43082,1212631074
37.75906,-122.39913,1212630316
37.78535,-122.41786,1212629260
37.79846,-122.44079,1212628290
37.7896,-122.42717,1212630923
37.79156,-122.42068,1212630192
37.78656,-122.41441,1212629627
37.79956,-122.40118,1212629174
37.78776,-122.43364,1212630785
37.79052,-122.42571,1212630668
37.77405,-122.43728,1212631187
37.73008,-122.20002,1212628135
37.80196,-122.41943,1212629919
37.78437,-122.43794,1212629049
37.79721,-122.4236,1212628352
37.80027,-122.41074,1212630344
37.78602,-122.40181,1212629752
37.78487,-122.42115,1212628929
37.79639,-122.41019,1212628121
37.61792,-122.38567,1212630010
37.78891,-122.40813,1212628765
37.78623,-122.41063,1212630598
37.7767,-122.39453,1212629921
37.79869,-122.40764,1212628867
37.78927,-122.38997,1212628741
37.79068,-122.40791,1212627965
37.77835,-122.43443,1212631153
37.79334,-122.3929,1212630412
37.7928,-122.40132,1212630114
37.79185,-122.40965,1212630345
37.78979,-122.41916,1212630661
37.77333,-122.4218,1212629355
37.79646,-122.39506,1212628314
37.79601,-122.43672,1212630838
37.78958,-122.39702,1212629879
37.7803,-122.39109,1212629502
37.79319,-122.39307,1212628816
37.78369,-122.4074,1212628230
37.78897,-122.4092,1212630738
37.79486,-122.4031,1212630784
37.79947,-122.43168,1212629742
37.78844,-122.40287,1212628682
37.75502,-122.3915,1212630505
37.76066,-122.41271,1212629678
37.7623,-122.44925,1212628622
37.77275,-122.39731,1212630636
37.79444,-122.3964,1212629696
37.80835,-122.40958,1212628981
37.78877,-122.41336,1212627727
37.7933,-122.42278,1212631152
37.80585,-122.41963,1212630101
37.80041,-122.43931,1212629480
37.80378,-122.42763,1212628633
37.80036,-122.41659,1212630922
37.7767,-122.39459,1212630138
37.79039,-122.40743,1212629368
37.78035,-122.47706,1212627981
37.74031,-122.42116,1212630989
37.8004,-122.40954,1212629510
37.77019,-122.42573,1212628523
37.7468,-122.42873,1212630463
37.79016,-122.40334,1212629402
37.80313,-122.42531,1212630624
37.80274,-122.44399,1212630163
37.77889,-122.43183,1212628398
37.78669,-122.40224,1212630919
37.79966,-122.42239,1212630712
37.78781,-122.44224,1212629895
37.79832,-122.40719,1212628583
37.79382,-122.41288,1212630974
37.79976,-122.40903,1212630217
37.80254,-122.42247,1212629589
37.79358,-122.40106,1212628581
37.76392,-122.4336,1212630279
37.78406,-122.40916,1212629658
37.78495,-122.42111,1212630518
37.77101,-122.45365,1212629336
37.78362,-122.40564,1212627706
37.78957,-122.42188,1212628783
37.80037,-122.40954,1212630933
37.78736,-122.45343,1212629996
37.783,-122.46014,1212628689
