37.58869,-122.36295,1212715139
37.79171,-122.40729,1212717119
37.80297,-122.45873,1212715849
37.79216,-122.41082,1212717540
37.76209,-122.41493,1212716820
37.76227,-122.43947,1212716239
37.79788,-122.40548,1212714972
37.78469,-122.4135,1212714288
37.78657,-122.43019,1212716887
37.80692,-122.40593,1212715900
37.78599,-122.41304,1212715176
37.8088,-122.41588,1212714037
37.79012,-122.40526,1212716700
37.78172,-122.39222,1212716314
37.74709,-122.44369,1212714906
37.77272,-122.43306,1212714184
37.78921,-122.43868,1212717433
37.61503,-122.38492,1212715753
37.76229,-122.42467,1212714625
37.79098,-122.39748,1212714246
37.7884,-122.39886,1212714108
37.79193,-122.40401,1212716217
37.79304,-122.39685,1212715972
37.7883,-122.39784,1212715379
37.7923,-122.41087,1212714754
37.79471,-122.4114,1212714453
37.79172,-122.40971,1212716917
37.78642,-122.41432,1212717491
37.78923,-122.40272,1212716327
37.78905,-122.40854,1212715686
37.78842,-122.44521,1212716364
37.78741,-122.44606,1212716240
37.74615,-122.41156,1212716638
37.7554,-122.41662,1212715470
37.78824,-122.43367,1212714801
37.77829,-122.42,1212717374
37.7874,-122.40824,1212716813
37.78883,-122.43391,1212716185
37.78955,-122.43399,1212716139
37.78922,-122.42369,1212715786
37.71053,-122.39534,1212714129
37.73748,-122.4135,1212716211
37.55937,-122.35738,1212717509
37.77664,-122.3954,1212716296
37.80838,-122.40981,1212715267
37.80458,-122.44371,1212717415
37.79266,-122.41259,1212716161
37.80109,-122.40455,1212715684
37.79573,-122.40041,1212715381
37.79338,-122.39336,1212714159
37.79475,-122.42353,1212717489
37.78893,-122.40739,1212716960
37.80083,-122.43447,1212717428
37.80304,-122.45875,1212714933
37.77214,-122.41446,1212716681
37.78554,-122.40321,1212716018
37.79334,-122.39946,1212715266
37.77124,-122.45059,1212714260
37.71158,-122.43273,1212715056
37.79602,-122.41348,1212717394
37.784,-122.42763,1212716008
37.76772,-122.44819,1212714869
37.76979,-122.44863,1212714845
37.78317,-122.40305,1212717341
37.76185,-122.42176,1212716205
37.78881,-122.40149,1212714928
37.77675,-122.39475,1212714474
37.8007,-122.43755,1212717575
37.80798,-122.41779,1212716455
37.76761,-122.43098,1212714641
37.74678,-122.42863,1212714066
37.80322,-122.41455,1212716844
37.79634,-122.42023,1212715690
37.79949,-122.40903,1212715268
37.79964,-122.42326,1212714162
37.78091,-122.46211,1212717340
37.77945,-122.46957,1212716705
37.78844,-122.39576,1212715282
37.78751,-122.40995,1212714654
37.78551,-122.41089,1212717150
37.78974,-122.42221,1212717166
37.78605,-122.45334,1212716600
37.77551,-122.42779,1212714787
37.7873,-122.41111,1212714129
37.77243,-122.43221,1212716188
37.7701,-122.43165,1212716153
37.79814,-122.42755,1212715051
37.79116,-122.41314,1212716884
37.79057,-122.39424,1212716264
37.78674,-122.40144,1212716074
37.77739,-122.39443,1212715627
37.78562,-122.40819,1212715161
37.80474,-122.40256,1212714286
37.79814,-122.42227,1212717468
37.79568,-122.42471,1212715339
37.75773,-122.43695,1212717027
37.79269,-122.43127,1212716306
37.79456,-122.39318,1212715474
37.77897,-122.41656,1212714301
37.79356,-122.39288,1212716959
37.78514,-122.43299,1212715883
37.76265,-122.39439,1212714416
37.78163,-122.42221,1212717121
37.79012,-122.40848,1212716425
37.80721,-122.41343,1212715720
37.78174,-122.40144,1212714615
37.79498,-122.40479,1212716494
37.77869,-122.39714,1212715263
37.61511,-122.39377,1212716610
37.76167,-122.4239,1212714297
37.80588,-122.41834,1212717297
37.79137,-122.41243,1212716256
37.77171,-122.43033,1212715197
37.80359,-122.42928,1212716365
37.78863,-122.40248,1212715367
37.78607,-122.4012,1212714784
37.8067,-122.41995,1212717419
37.7978,-122.43023,1212716543
37.78627,-122.40898,1212715849
37.78531,-122.40878,1212715748
37.78662,-122.42146,1212714606
37.79167,-122.41082,1212714257
37.78643,-122.42181,1212717252
37.76248,-122.4174,1212715819
37.78786,-122.42681,1212715258
37.78462,-122.40406,1212714310
37.78803,-122.41024,1212717505
37.79508,-122.42138,1212716076
37.78918,-122.39153,1212715300
37.75146,-122.43168,1212715854
37.77829,-122.41531,1212717496
37.78465,-122.40715,1212717108
37.77571,-122.4261,1212716688
37.78482,-122.46575,1212716051
37.78513,-122.43292,1212714553
37.7779,-122.41393,1212716667
37.77786,-122.41386,1212716573
37.80067,-122.43593,1212717320
37.78351,-122.40583,1212716551
37.79801,-122.42737,1212715717
37.80263,-122.42905,1212714757
37.79568,-122.42327,1212716493
37.78883,-122.4086,1212716064
37.77121,-122.45275,1212714862
37.79847,-122.4071,1212717029
37.78469,-122.43707,1212716215
37.80566,-122.43188,1212715260
37.80341,-122.4311,1212714035
37.78786,-122.40867,1212716888
37.74337,-122.43196,1212716896
37.80036,-122.4412,1212717571
37.79803,-122.4288,1212716977
37.79934,-122.40872,1212716532
37.77843,-122.4153,1212715867
37.79396,-122.42325,1212715342
37.77389,-122.43148,1212716844
37.77266,-122.42261,1212714349
37.61493,-122.38509,1212716193
37.61638,-122.38605,1212715786
37.79623,-122.40383,1212716237
37.77277,-122.42717,1212715188
37.7973,-122.41048,1212717555
37.79193,-122.43928,1212715866
37.79644,-122.41068,1212715312
37.79686,-122.43546,1212714841
37.77686,-122.42282,1212717499
37.79899,-122.43625,1212715432
37.76333,-122.42149,1212714245
37.80052,-122.41466,1212716718
37.79504,-122.39363,1212715956
37.78301,-122.40704,1212715047
37.77094,-122.42448,1212717558
37.74542,-122.41954,1212716887
37.79489,-122.42286,1212714967
37.80036,-122.41733,1212717185
37.78092,-122.43583,1212716207
37.76846,-122.45351,1212715357
37.80544,-122.44402,1212714369
37.77599,-122.39638,1212716593
37.78334,-122.40287,1212716845
37.78034,-122.48161,1212716869
37.7944,-122.42624,1212714902
37.75004,-122.39443,1212717145
37.78628,-122.43194,1212715834
37.79302,-122.39319,1212714517
37.78675,-122.41324,1212717538
37.79071,-122.40407,1212717020
37.79387,-122.39671,1212716426
37.80002,-122.40518,1212716086
37.78625,-122.41164,1212717441
37.807,-122.41348,1212716563
37.80618,-122.41814,1212715875
37.7851,-122.40497,1212714854
37.79939,-122.4106,1212717318
37.76979,-122.42338,1212716439
37.73489,-122.44198,1212714668
37.77662,-122.4081,1212716431
37.79043,-122.41726,1212715754
37.79523,-122.4149,1212716122
37.79698,-122.44395,1212715419
37.61606,-122.38432,1212717328
37.78409,-122.43352,1212715276
37.7676,-122.45051,1212714710
37.78934,-122.43051,1212717043
37.79332,-122.4213,1212716066
37.79708,-122.40571,1212715269
37.79488,-122.4229,1212714533
37.78767,-122.40834,1212714055
37.79755,-122.4339,1212716791
37.79361,-122.39296,1212715771
37.78231,-122.47791,1212717583
37.7268,-122.40214,1212715261
37.61789,-122.38573,1212714633
37.79921,-122.42083,1212716707
37.79649,-122.40507,1212716012
37.77909,-122.39258,1212715585
37.80017,-122.4192,1212714443
37.79721,-122.40562,1212714088
37.7109,-122.42046,1212717316
37.73358,-122.40496,1212715716
37.78852,-122.43377,1212717033
37.79727,-122.43467,1212716707
37.78489,-122.40387,1212714823
37.8023,-122.40301,1212714113
37.78765,-122.40296,1212717433
37.78482,-122.3884,1212716663
37.79371,-122.39928,1212716245
37.78676,-122.41315,1212715692
37.78962,-122.41721,1212714337
37.78986,-122.3925,1212717247
37.78997,-122.3925,1212717144
37.79073,-122.39077,1212714598
37.79008,-122.39411,1212714329
37.79844,-122.4245,1212717259
37.80128,-122.41792,1212716239
37.79396,-122.39637,1212715668
37.80612,-122.41608,1212715117
37.79421,-122.40631,1212714808
37.71359,-122.21392,1212714918
37.78955,-122.41327,1212717036
37.7964,-122.40539,1212716400
37.78864,-122.41301,1212714782
37.786,-122.40155,1212714383
