37.78755,-122.40684,1212785579
37.78428,-122.43988,1212785211
37.77953,-122.42181,1212784711
37.77101,-122.4682,1212783330
37.78827,-122.41048,1212785719
37.78707,-122.45599,1212784759
37.78855,-122.40968,1212783983
37.78618,-122.41067,1212783311
37.80324,-122.4009,1212785780
37.78945,-122.40745,1212784890
37.79885,-122.42172,1212783599
37.78119,-122.39469,1212782788
37.76433,-122.41955,1212785996
37.61765,-122.38715,1212784743
37.76361,-122.45709,1212783152
37.76353,-122.45718,1212783019
37.78025,-122.48339,1212785690
37.78879,-122.42041,1212784916
37.79491,-122.40485,1212784123
37.7862,-122.41118,1212783441
37.57867,-122.35306,1212783648
37.76626,-122.40277,1212785942
37.79198,-122.43096,1212783920
37.78929,-122.40909,1212782845
37.74459,-122.42685,1212784246
37.78531,-122.39719,1212784085
37.78509,-122.40378,1212784362
37.61775,-122.38512,1212784090
37.78578,-122.40454,1212782641
37.67576,-122.38883,1212785779
37.74798,-122.47605,1212782988
37.78387,-122.40245,1212785184
37.80841,-122.40999,1212784161
37.78176,-122.40524,1212783255
37.80037,-122.40255,1212782709
37.73721,-122.41461,1212783618
37.68107,-122.38889,1212783232
37.80851,-122.414,1212785308
37.79475,-122.40271,1212784497
37.80801,-122.47082,1212783418
37.62289,-122.39993,1212785093
37.80838,-122.40975,1212782653
37.79756,-122.43968,1212785492
37.61537,-122.38975,1212785653
37.77952,-122.41855,1212783159
37.78773,-122.41217,1212784912
37.78721,-122.42474,1212785529
37.76815,-122.42444,1212784379
37.78802,-122.4105,1212783868
37.78472,-122.4008,1212785736
37.78998,-122.4091,1212785316
37.80701,-122.40611,1212784576
37.76372,-122.47817,1212782940
37.78479,-122.40512,1212785170
37.61796,-122.38608,1212782624
37.78443,-122.40106,1212784750
37.61784,-122.38689,1212785524
37.79965,-122.43073,1212783744
37.76473,-122.40274,1212785771
37.78672,-122.43592,1212784994
37.78101,-122.42069,1212783985
37.76669,-122.42183,1212783621
37.76712,-122.39342,1212782944
37.76927,-122.3985,1212782492
37.78435,-122.40124,1212785868
37.77661,-122.41754,1212784629
37.79706,-122.43566,1212783927
37.77214,-122.4222,1212782968
37.87549,-122.50562,1212785478
37.78823,-122.41598,1212783360
37.65228,-122.37908,1212785506
37.74938,-122.42723,1212782644
37.78484,-122.40751,1212785503
37.78745,-122.41464,1212785135
37.75543,-122.4051,1212784478
37.77878,-122.4609,1212782800
37.80183,-122.42779,1212785603
37.79178,-122.40722,1212784210
37.78819,-122.41649,1212784918
37.78444,-122.40153,1212784170
37.78865,-122.41012,1212783478
37.78605,-122.40613,1212782882
37.79283,-122.39624,1212784479
37.80653,-122.42213,1212784950
37.79455,-122.403,1212783799
37.80772,-122.413,1212782902
37.78626,-122.41077,1212782939
37.78492,-122.40885,1212785132
37.78596,-122.45749,1212783756
37.78831,-122.40861,1212785731
37.78595,-122.40575,1212783467
37.79298,-122.40054,1212783221
37.79179,-122.41196,1212782953
37.77317,-122.4534,1212785881
37.79197,-122.43911,1212785145
37.76356,-122.40138,1212785200
37.77221,-122.43027,1212784572
37.79189,-122.41969,1212783427
37.75575,-122.41418,1212782419
37.79211,-122.39728,1212785941
37.77597,-122.49393,1212783929
37.78545,-122.41068,1212785489
37.6151,-122.38484,1212782885
37.76303,-122.43516,1212785931
37.79173,-122.40427,1212784365
37.7568,-122.38812,1212783772
37.73438,-122.4995,1212783604
37.79765,-122.43051,1212784504
37.75149,-122.4323,1212783174
37.74638,-122.42019,1212782420
37.78431,-122.40157,1212783412
37.76734,-122.45327,1212785597
37.78383,-122.43949,1212784919
37.7713,-122.46781,1212783885
37.78558,-122.40754,1212782754
37.78619,-122.41085,1212785039
37.65764,-122.39736,1212782734
37.78774,-122.40803,1212784169
37.78652,-122.41469,1212783422
37.78375,-122.40958,1212782745
37.79937,-122.43764,1212785602
37.79841,-122.41891,1212785018
37.79896,-122.41896,1212783927
37.79223,-122.39456,1212782561
37.61474,-122.38968,1212784527
37.7877,-122.40312,1212782998
37.80144,-122.40111,1212784964
37.79703,-122.39971,1212784682
37.78505,-122.40366,1212783883
37.78483,-122.39705,1212785783
37.79212,-122.39326,1212785340
37.78743,-122.45366,1212784249
37.79244,-122.41059,1212783087
37.78628,-122.41027,1212785413
37.78635,-122.40376,1212785047
37.78363,-122.40271,1212785514
37.784,-122.46988,1212784108
37.79923,-122.4417,1212783286
37.71926,-122.41026,1212784010
37.78802,-122.43378,1212784934
37.78307,-122.38898,1212783109
37.78327,-122.41408,1212784904
37.77585,-122.40608,1212784712
37.79261,-122.40995,1212784168
37.78321,-122.43085,1212785456
37.7137,-122.47135,1212782698
37.77564,-122.40605,1212785677
37.78223,-122.40988,1212784341
37.79098,-122.39945,1212783099
37.7825,-122.40993,1212782775
37.77156,-122.40202,1212783989
37.78667,-122.40275,1212783186
37.78574,-122.39639,1212783581
37.77426,-122.42229,1212785873
37.7302,-122.47636,1212783560
37.75143,-122.43415,1212785042
37.79287,-122.39684,1212783679
37.7997,-122.40801,1212782942
37.80483,-122.40261,1212785004
37.78439,-122.40169,1212785822
37.79325,-122.41403,1212784907
37.78444,-122.45798,1212783897
37.77915,-122.39559,1212782558
37.76795,-122.39377,1212785494
37.78136,-122.47075,1212782466
37.78516,-122.40029,1212783837
37.77356,-122.42147,1212783441
37.76872,-122.41303,1212784394
37.79714,-122.40537,1212783270
37.75923,-122.38859,1212785946
37.78785,-122.40731,1212785189
37.79157,-122.41115,1212784280
37.79156,-122.41123,1212784278
37.78814,-122.40934,1212784124
37.80529,-122.41677,1212783440
37.8024,-122.41791,1212783066
37.80279,-122.41976,1212782740
37.79273,-122.39692,1212785691
37.77975,-122.41036,1212785370
37.78567,-122.41063,1212782583
37.78815,-122.40341,1212783737
37.78447,-122.42283,1212785502
37.78304,-122.41196,1212784977
37.77263,-122.41294,1212784261
37.71048,-122.45705,1212782675
37.79319,-122.40193,1212784240
