37.79288,-122.41625,1212832732
37.77731,-122.40437,1212832414
37.78742,-122.41024,1212831658
37.78766,-122.41008,1212831651
37.78687,-122.4125,1212831483
37.78627,-122.40158,1212831207
37.77952,-122.48153,1212830186
37.79807,-122.42046,1212829248
37.76148,-122.44768,1212832151
37.60087,-122.38508,1212829496
37.78519,-122.40066,1212832761
37.73882,-122.38665,1212831543
37.74728,-122.41893,1212830517
37.7647,-122.47292,1212829717
37.74818,-122.41616,1212829724
37.74694,-122.42597,1212829564
37.75974,-122.48277,1212831112
37.75886,-122.42888,1212829969
37.7721,-122.41653,1212829270
37.84364,-122.25338,1212829643
37.77359,-122.44595,1212832321
37.772,-122.43089,1212831904
37.7771,-122.40392,1212831267
37.77175,-122.44104,1212830243
37.76116,-122.43125,1212829860
37.77713,-122.43817,1212829419
37.78514,-122.41617,1212830659
37.77714,-122.40404,1212830307
37.79062,-122.42056,1212831441
37.78381,-122.41439,1212831234
37.7864,-122.42148,1212830845
37.77896,-122.41463,1212830518
37.78616,-122.41156,1212830333
37.79095,-122.41913,1212830071
37.79687,-122.42952,1212829704
37.77404,-122.40189,1212832556
37.74122,-122.42278,1212831539
37.74122,-122.42278,1212831535
37.7537,-122.39278,1212829580
37.7774,-122.45861,1212831136
37.78048,-122.47441,1212830690
37.77383,-122.46279,1212830438
37.77291,-122.43896,1212829754
37.74813,-122.43204,1212831200
37.79773,-122.40739,1212830149
37.79837,-122.43407,1212829516
37.78444,-122.47978,1212831618
37.79964,-122.43718,1212830132
37.79121,-122.40827,1212829426
37.78989,-122.41341,1212830654
37.76262,-122.44274,1212829774
37.76208,-122.44233,1212829417
37.80144,-122.43962,1212832570
37.76645,-122.43982,1212831417
37.78704,-122.44116,1212830899
37.75356,-122.46669,1212830115
37.76337,-122.47817,1212829228
37.77313,-122.43573,1212831052
37.75916,-122.43811,1212830365
37.78444,-122.45195,1212829566
37.72712,-122.48023,1212832634
37.72713,-122.48023,1212832621
37.79513,-122.41321,1212830676
37.78653,-122.41489,1212830456
37.77946,-122.43667,1212829519
37.72429,-122.45796,1212831391
37.71569,-122.44182,1212830166
37.77161,-122.43415,1212829361
37.75696,-122.4207,1212831821
37.76756,-122.43241,1212830612
37.75849,-122.42163,1212830235
37.77607,-122.44148,1212829667
37.78153,-122.41683,1212832598
37.76166,-122.4352,1212831699
37.79072,-122.4208,1212831139
37.79596,-122.44381,1212830515
37.7854,-122.44616,1212829627
37.79319,-122.42152,1212832455
37.80476,-122.44294,1212829331
37.77794,-122.42607,1212830281
37.78294,-122.44449,1212829671
37.75054,-122.42076,1212831945
37.79147,-122.4209,1212831089
37.79301,-122.42117,1212831069
37.80473,-122.40514,1212830593
37.80196,-122.44252,1212829633
37.80008,-122.44171,1212829463
37.78686,-122.4082,1212832156
37.79112,-122.41387,1212831146
37.79351,-122.39295,1212830843
37.80041,-122.40935,1212830263
37.79972,-122.4141,1212829866
37.78784,-122.41845,1212829596
37.56257,-122.27652,1212831864
37.6946,-122.49397,1212829900
37.79367,-122.41296,1212832623
37.78028,-122.44553,1212831695
37.79895,-122.44398,1212830913
37.75689,-122.42342,1212829892
37.79489,-122.4379,1212832149
37.76267,-122.4984,1212829808
37.79547,-122.41861,1212832781
37.78401,-122.48336,1212831639
37.79802,-122.43574,1212830850
37.79597,-122.44813,1212830302
37.7756,-122.4261,1212829444
37.76391,-122.4332,1212830713
37.78537,-122.41855,1212829976
37.78403,-122.48273,1212829227
37.75995,-122.4898,1212831840
37.75728,-122.4458,1212830051
37.76499,-122.43658,1212829507
37.79942,-122.436,1212831513
37.78491,-122.45018,1212830273
37.76803,-122.45599,1212829467
37.72328,-122.41721,1212832768
37.79455,-122.43161,1212831586
37.77494,-122.44622,1212830595
37.76157,-122.42338,1212829841
37.77267,-122.41292,1212829400
37.78088,-122.39358,1212832340
37.76963,-122.44382,1212831293
37.77306,-122.42164,1212830810
37.73729,-122.43772,1212829883
37.76548,-122.47773,1212830372
37.79699,-122.42212,1212829468
37.75204,-122.39528,1212830144
37.75173,-122.39526,1212830142
37.776,-122.43632,1212832614
37.78557,-122.40036,1212831778
37.79225,-122.41081,1212831413
37.77494,-122.44611,1212830605
37.77524,-122.41437,1212829988
37.76687,-122.45318,1212829550
37.78352,-122.40547,1212832222
37.78524,-122.41729,1212831970
37.76191,-122.4192,1212831353
37.77842,-122.39216,1212830775
37.78598,-122.41808,1212830036
37.7621,-122.45073,1212832688
37.79631,-122.4263,1212831136
37.78931,-122.44066,1212830546
37.80098,-122.42823,1212830172
37.78848,-122.40827,1212829555
37.76301,-122.42603,1212829302
37.78629,-122.41648,1212832645
37.78587,-122.41947,1212830527
37.78873,-122.39285,1212829907
37.78738,-122.44531,1212832294
37.81462,-122.25315,1212830717
37.77515,-122.42953,1212829355
37.74982,-122.43403,1212830270
37.74406,-122.41836,1212831289
37.75753,-122.41133,1212830989
37.78884,-122.42544,1212830327
37.79875,-122.43011,1212829822
37.74902,-122.43156,1212831199
37.77958,-122.43881,1212830666
37.78096,-122.41212,1212829526
37.69942,-122.46914,1212830060
37.69044,-122.45487,1212831674
37.7918,-122.41927,1212830099
37.78547,-122.43817,1212829763
37.78745,-122.41524,1212829367
37.74682,-122.42848,1212832462
37.76145,-122.41488,1212831944
37.77108,-122.41503,1212831658
37.77318,-122.44485,1212830635
37.76176,-122.46722,1212829586
37.78061,-122.47154,1212832525
37.76131,-122.44684,1212831453
37.7392,-122.41767,1212830041
37.79211,-122.40933,1212829202
37.7787,-122.4745,1212831439
37.76573,-122.42663,1212830442
37.76577,-122.45048,1212829628
37.77192,-122.43235,1212829305
37.77866,-122.39233,1212830502
37.78655,-122.41309,1212829222
37.78207,-122.4105,1212831479
37.76308,-122.44599,1212830548
37.77711,-122.40391,1212829801
37.75184,-122.41836,1212832709
37.77417,-122.22414,1212830861
37.79324,-122.41619,1212829201
37.76238,-122.46515,1212830667
37.79657,-122.40036,1212829758
37.77632,-122.39419,1212830442
37.83146,-122.28031,1212829286
37.77127,-122.44054,1212831688
37.75002,-122.38565,1212830746
37.7338,-122.39099,1212830253
37.78826,-122.4078,1212832445
37.76815,-122.42213,1212831682
37.77408,-122.44468,1212830112
37.65926,-122.40562,1212830329
37.71192,-122.44551,1212832498
37.76409,-122.46729,1212831353
37.79913,-122.4424,1212829869
37.79661,-122.41354,1212829342
37.79004,-122.41596,1212832309
37.77507,-122.39429,1212831840
37.75933,-122.40723,1212831431
37.76269,-122.3947,1212830743
37.79355,-122.41217,1212830119
37.76714,-122.44628,1212829414
37.82147,-122.26649,1212830946
37.76376,-122.42051,1212832776
37.78176,-122.46645,1212831478
37.77649,-122.44128,1212830330
37.76102,-122.46394,1212829585
37.74233,-122.4934,1212830876
37.74781,-122.42562,1212829876
37.78563,-122.42131,1212832068
37.74182,-122.5056,1212830443
37.78378,-122.48073,1212829300
37.79002,-122.42562,1212832418
37.76245,-122.43301,1212831092
37.78707,-122.4105,1212830083
37.79765,-122.40646,1212829599
37.78828,-122.40128,1212829272
