37.79741,-122.41845,1212976546
37.73661,-122.397,1212976255
37.78533,-122.4205,1212974446
37.75588,-122.44763,1212973342
37.78526,-122.41057,1212975767
37.794,-122.40476,1212975271
37.78982,-122.4019,1212974960
37.80574,-122.42075,1212976499
37.80006,-122.40426,1212975652
37.79524,-122.39674,1212974714
37.79855,-122.40902,1212973936
37.73076,-122.47479,1212976091
37.72029,-122.40278,1212974698
37.765,-122.42415,1212976407
37.80011,-122.43772,1212975473
37.78139,-122.43985,1212974436
37.76583,-122.45694,1212973860
37.79046,-122.40544,1212976391
37.77283,-122.50674,1212975245
37.78821,-122.40844,1212973460
37.79229,-122.41069,1212973235
37.65604,-122.40667,1212976591
37.78194,-122.38847,1212975654
37.78606,-122.41074,1212974339
37.78349,-122.39002,1212976537
37.80703,-122.41753,1212975403
37.79011,-122.43408,1212973535
37.80173,-122.4366,1212973232
37.78609,-122.4061,1212976377
37.80419,-122.41326,1212975217
37.79684,-122.40208,1212974582
37.79232,-122.41077,1212973843
37.80048,-122.40871,1212976406
37.78626,-122.42206,1212975594
37.77681,-122.39534,1212974790
37.65564,-122.40135,1212973231
37.80828,-122.40924,1212976452
37.7905,-122.3953,1212975457
37.76488,-122.4232,1212974571
37.77501,-122.42591,1212974062
37.76658,-122.4221,1212973414
37.75361,-122.49784,1212976738
37.79427,-122.40631,1212975159
37.78759,-122.40691,1212974698
37.8083,-122.41551,1212973671
37.78544,-122.4031,1212975856
37.71847,-122.47453,1212975730
37.7816,-122.43888,1212976780
37.80025,-122.44033,1212975928
37.77993,-122.3898,1212974881
37.78478,-122.40861,1212973885
37.7881,-122.43044,1212975967
37.78012,-122.39,1212975180
37.77958,-122.39001,1212974004
37.78814,-122.39218,1212973629
37.77482,-122.4377,1212976309
37.77759,-122.41885,1212975346
37.76865,-122.4131,1212974610
37.75332,-122.47115,1212975823
37.7641,-122.46091,1212974876
37.78908,-122.42493,1212976082
37.78027,-122.39017,1212975396
37.80725,-122.42066,1212974303
37.77692,-122.39535,1212975011
37.79308,-122.39206,1212974663
37.78786,-122.42016,1212973435
37.80531,-122.41351,1212975076
37.79226,-122.41085,1212974675
37.78881,-122.40851,1212974008
37.75652,-122.41891,1212976572
37.79932,-122.44084,1212974401
37.79821,-122.42642,1212973519
37.76151,-122.42393,1212976558
37.78308,-122.41763,1212973374
37.66611,-122.39446,1212975872
37.7767,-122.39539,1212976344
37.75544,-122.41778,1212975679
37.61791,-122.3861,1212973505
37.61452,-122.38982,1212975583
37.78516,-122.40055,1212974222
37.79974,-122.43835,1212976539
37.78658,-122.44006,1212975525
37.78875,-122.42714,1212974482
37.7733,-122.46893,1212975758
37.78801,-122.40895,1212974130
37.80176,-122.39974,1212975963
37.7732,-122.42191,1212976340
37.78749,-122.41176,1212973966
37.78112,-122.4686,1212973319
37.76747,-122.42916,1212976607
37.76052,-122.43495,1212975810
37.77202,-122.4108,1212975263
37.78003,-122.39411,1212974545
37.78413,-122.40137,1212976794
37.7868,-122.41096,1212976256
37.77799,-122.40919,1212975220
37.80798,-122.41683,1212974235
37.80615,-122.4162,1212976649
37.78627,-122.39925,1212975213
37.79559,-122.41801,1212974563
37.61792,-122.38691,1212976226
37.80497,-122.47324,1212973742
37.80702,-122.41695,1212976747
37.85877,-122.47837,1212975254
37.78416,-122.40117,1212973657
37.8082,-122.4156,1212976563
37.78597,-122.41084,1212975665
37.7933,-122.39315,1212974277
37.79376,-122.41625,1212973743
37.61806,-122.38616,1212976485
37.78892,-122.41064,1212974438
37.79244,-122.41072,1212973350
37.79236,-122.41066,1212973283
37.80077,-122.43664,1212976263
37.79182,-122.41815,1212975688
37.80818,-122.41406,1212976431
37.78473,-122.40416,1212975721
37.77877,-122.43111,1212974466
37.79466,-122.39496,1212976445
37.78752,-122.44694,1212975123
37.78441,-122.40115,1212974152
37.76987,-122.42022,1212976044
37.77176,-122.43378,1212975640
37.77999,-122.38978,1212974802
37.79014,-122.43413,1212973648
37.80021,-122.4107,1212976472
37.78544,-122.40006,1212975904
37.73546,-122.45964,1212973776
37.78795,-122.41074,1212976482
37.76176,-122.42132,1212974935
37.75896,-122.39423,1212974409
37.78759,-122.41454,1212973264
37.78681,-122.41129,1212976145
37.79797,-122.40536,1212975267
37.77915,-122.43359,1212974273
37.78659,-122.41355,1212973751
37.78494,-122.4276,1212976201
37.77029,-122.44546,1212976715
37.79638,-122.41337,1212975625
37.78434,-122.40965,1212975338
37.77333,-122.43244,1212974661
37.78874,-122.42721,1212974057
37.78823,-122.43364,1212973286
37.8003,-122.42776,1212976761
37.79928,-122.39745,1212976245
37.79092,-122.40354,1212975749
37.79957,-122.40911,1212975228
37.77986,-122.39447,1212974088
37.79798,-122.42868,1212974803
37.79759,-122.40092,1212974268
37.61578,-122.38436,1212976400
37.7885,-122.40533,1212975054
37.80633,-122.41376,1212974422
37.79457,-122.39423,1212973682
37.76225,-122.4655,1212976207
37.79652,-122.41345,1212976329
37.79008,-122.40845,1212976040
37.79796,-122.40561,1212975269
37.7737,-122.43254,1212974501
37.67459,-122.38928,1212975676
37.75892,-122.40979,1212975753
37.77037,-122.4455,1212975049
37.77683,-122.39477,1212973968
37.78993,-122.3971,1212976541
37.76513,-122.39389,1212975888
37.78817,-122.40109,1212975312
37.78872,-122.40187,1212975310
37.78655,-122.45345,1212973368
37.75948,-122.4099,1212976692
37.78851,-122.40851,1212975897
37.80192,-122.41785,1212975503
37.77273,-122.4098,1212974683
37.7803,-122.39009,1212973726
37.78224,-122.46649,1212976273
37.76047,-122.44314,1212975515
37.76496,-122.42005,1212974580
37.77033,-122.4448,1212973922
37.80835,-122.40972,1212976389
37.78761,-122.41348,1212975558
37.79972,-122.40903,1212974455
37.79625,-122.40457,1212974042
37.79836,-122.40745,1212975010
37.79052,-122.42213,1212973769
37.78562,-122.43548,1212973210
37.75868,-122.41933,1212976643
37.77231,-122.42975,1212976131
37.78805,-122.43871,1212975168
37.78384,-122.40795,1212974600
37.79857,-122.41044,1212973740
37.78631,-122.39001,1212976141
37.78608,-122.41755,1212975337
37.80122,-122.42609,1212974539
37.80814,-122.41773,1212974200
37.78439,-122.40951,1212973277
37.79843,-122.41887,1212976512
37.75878,-122.44491,1212976142
37.75698,-122.42112,1212974931
37.7824,-122.42079,1212973850
37.78413,-122.42116,1212973812
