37.77152,-122.41373,1212980040
37.78305,-122.458,1212979027
37.78605,-122.40248,1212978398
37.76309,-122.4263,1212977587
37.78951,-122.41064,1212979839
37.78804,-122.40814,1212979583
37.8084,-122.41017,1212978725
37.76275,-122.39465,1212978064
37.78703,-122.4128,1212980104
37.79062,-122.39056,1212978019
37.79748,-122.43257,1212976914
37.79441,-122.40469,1212979201
37.78407,-122.40161,1212978809
37.79171,-122.40582,1212978123
37.79054,-122.42273,1212977440
37.61621,-122.3909,1212979378
37.75556,-122.44304,1212977764
37.79162,-122.41223,1212979109
37.78569,-122.42878,1212978590
37.78961,-122.40676,1212978182
37.78616,-122.41109,1212977891
37.76993,-122.44489,1212977036
37.78907,-122.40829,1212979945
37.78351,-122.43944,1212979227
37.80012,-122.4124,1212978394
37.78556,-122.42954,1212977818
37.79166,-122.42194,1212977574
37.79827,-122.40723,1212980139
37.78648,-122.4105,1212979794
37.78563,-122.40645,1212979421
37.76049,-122.41069,1212978614
37.73881,-122.41279,1212977874
37.76492,-122.42312,1212977095
37.78642,-122.40377,1212979694
37.79493,-122.41819,1212978225
37.76545,-122.43106,1212977180
37.79254,-122.41026,1212979715
37.62416,-122.42856,1212977038
37.79523,-122.42831,1212979788
37.78954,-122.42743,1212979060
37.77919,-122.43366,1212977667
37.79106,-122.40011,1212977598
37.79493,-122.42336,1212979858
37.79441,-122.39286,1212979064
37.75805,-122.41684,1212977971
37.79529,-122.39441,1212979926
37.79292,-122.40294,1212979312
37.79237,-122.41347,1212979031
37.78777,-122.40982,1212977626
37.79927,-122.39747,1212980120
37.78172,-122.40173,1212979140
37.79107,-122.41813,1212978453
37.78677,-122.40378,1212978137
37.77854,-122.44366,1212979954
37.79225,-122.42286,1212979280
37.79165,-122.41064,1212977678
37.78366,-122.40546,1212977295
37.71682,-122.47768,1212979491
37.76102,-122.43509,1212978573
37.76992,-122.42916,1212978228
37.75509,-122.42323,1212977645
37.77882,-122.51373,1212980114
37.77858,-122.41474,1212980315
37.78552,-122.42979,1212979979
37.78547,-122.4303,1212979961
37.78118,-122.43334,1212979813
37.78855,-122.39945,1212979073
37.78704,-122.41143,1212978691
37.79361,-122.39706,1212978120
37.79915,-122.39733,1212976929
37.61791,-122.38704,1212979525
37.79896,-122.42229,1212976961
37.783,-122.42263,1212979933
37.783,-122.42263,1212979913
37.80001,-122.40971,1212979152
37.78927,-122.40816,1212978754
37.79808,-122.40426,1212978239
37.77882,-122.41532,1212977169
37.80257,-122.42242,1212980334
37.80007,-122.4421,1212979799
37.79035,-122.40741,1212978982
37.78253,-122.44817,1212978076
37.79833,-122.40728,1212977414
37.78535,-122.40511,1212976848
37.75916,-122.42141,1212979895
37.7863,-122.41085,1212979187
37.83592,-122.47965,1212976896
37.78235,-122.40587,1212978377
37.79179,-122.4106,1212978092
37.80623,-122.41851,1212979904
37.78799,-122.41087,1212979275
37.79235,-122.41061,1212978971
37.79233,-122.41076,1212978331
37.79022,-122.4084,1212978022
37.78169,-122.43263,1212977240
37.93436,-122.33141,1212978032
37.75997,-122.42154,1212979931
37.8084,-122.41014,1212978187
37.79417,-122.39718,1212977848
37.77231,-122.42254,1212977179
37.82525,-122.37704,1212979627
37.76844,-122.42758,1212978243
37.75666,-122.41904,1212977276
37.79314,-122.39213,1212978249
37.79176,-122.40732,1212977815
37.76149,-122.42589,1212980195
37.77386,-122.41142,1212979691
37.7541,-122.4829,1212977996
37.76253,-122.46134,1212979167
37.77547,-122.413,1212980154
37.78738,-122.40805,1212979002
37.80233,-122.40848,1212977155
37.78884,-122.40687,1212979996
37.79375,-122.40499,1212979657
37.79164,-122.4106,1212979154
37.79475,-122.41818,1212978802
37.78523,-122.405,1212978206
37.79417,-122.4048,1212977672
37.78809,-122.40876,1212976994
37.78558,-122.42969,1212978759
37.80568,-122.42214,1212978013
37.79921,-122.42242,1212977673
37.78412,-122.40167,1212980269
37.79975,-122.41065,1212979159
37.77611,-122.40156,1212978486
37.79438,-122.40478,1212977309
37.79706,-122.40549,1212979408
37.80775,-122.41291,1212978526
37.76266,-122.44454,1212976922
37.7855,-122.42998,1212979619
37.79231,-122.40374,1212978723
37.71169,-122.44628,1212980297
37.76483,-122.46749,1212978993
37.80779,-122.40909,1212977825
37.79834,-122.41393,1212977328
37.78082,-122.41401,1212980226
37.78388,-122.39883,1212979327
37.78572,-122.41943,1212977530
37.79165,-122.40717,1212980123
37.79908,-122.3973,1212979442
37.80626,-122.41616,1212978567
37.7936,-122.39305,1212978067
37.79168,-122.4106,1212977686
37.78013,-122.486,1212979126
37.78349,-122.40254,1212978035
37.78524,-122.40653,1212977482
37.78215,-122.41187,1212980341
37.79485,-122.40106,1212979864
37.79609,-122.42126,1212978884
37.76885,-122.44881,1212979434
37.77889,-122.41548,1212978351
37.78654,-122.43021,1212977543
37.79661,-122.41517,1212976802
37.83805,-122.29402,1212979032
37.79753,-122.41868,1212977625
37.79972,-122.40906,1212979125
37.78576,-122.40493,1212978552
37.80908,-122.41817,1212977809
37.79445,-122.39662,1212977062
37.6149,-122.39435,1212977918
37.76411,-122.46463,1212980090
37.7767,-122.4383,1212979018
37.71436,-122.44303,1212977567
37.76722,-122.42904,1212978143
37.77209,-122.41073,1212977646
37.79033,-122.40902,1212980278
37.78914,-122.41557,1212980120
37.7911,-122.42233,1212977209
37.75686,-122.42122,1212980061
37.7922,-122.42366,1212978029
37.77964,-122.48378,1212979765
37.77185,-122.43166,1212979073
37.80741,-122.41328,1212977541
37.8009,-122.41124,1212977058
37.77406,-122.40825,1212978234
37.78078,-122.42247,1212977821
37.79229,-122.40934,1212976976
37.80574,-122.42209,1212979853
37.79932,-122.40981,1212977470
37.79851,-122.40396,1212980074
37.78497,-122.41906,1212979507
37.78526,-122.43252,1212979081
37.79505,-122.41484,1212978583
37.79825,-122.43576,1212977372
37.75655,-122.44183,1212980385
37.77091,-122.44376,1212979616
37.88071,-122.52429,1212978366
37.80787,-122.47471,1212977547
37.7568,-122.41893,1212979485
37.7816,-122.43247,1212978609
37.78189,-122.43247,1212977343
37.78738,-122.44675,1212976925
37.78299,-122.41767,1212980298
37.80809,-122.41715,1212979353
37.78575,-122.42199,1212978184
37.78849,-122.39943,1212977283
37.78788,-122.41196,1212976911
37.772,-122.42358,1212977928
37.78609,-122.41179,1212977474
37.61523,-122.38508,1212977176
37.75454,-122.40223,1212980247
37.76351,-122.42174,1212979879
37.76151,-122.4856,1212977876
37.76167,-122.42143,1212980315
37.77809,-122.41375,1212979533
37.795,-122.40476,1212979133
37.79493,-122.41325,1212978493
37.80596,-122.41718,1212977830
37.75324,-122.50225,1212979039
37.76518,-122.47837,1212977837
37.77507,-122.45473,1212977315
37.78955,-122.42244,1212980048
37.8058,-122.42209,1212979265
37.79567,-122.39668,1212978393
37.78604,-122.41106,1212977874
37.78663,-122.42135,1212977171
37.75758,-122.42269,1212978837
37.78054,-122.47801,1212977337
37.78381,-122.41425,1212979908
37.79488,-122.39347,1212979334
37.796,-122.43666,1212978545
37.78222,-122.41144,1212977831
37.78072,-122.47388,1212980047
37.78708,-122.4412,1212979483
37.7907,-122.41915,1212979120
37.79364,-122.40316,1212978533
37.79743,-122.4329,1212977809
37.79256,-122.42111,1212976999
37.7994,-122.41065,1212979383
37.79226,-122.41075,1212978618
37.80903,-122.41809,1212977807
37.78625,-122.42222,1212979796
37.78985,-122.40573,1212979285
37.80105,-122.4161,1212980266
37.79331,-122.42303,1212980003
37.78914,-122.42366,1212979082
37.78845,-122.40931,1212978601
37.78087,-122.40805,1212978101
37.77662,-122.39429,1212977714
