37.78101,-122.49238,1212638330
37.7517,-122.42728,1212636148
37.74111,-122.46627,1212635448
37.79895,-122.43592,1212637298
37.61492,-122.39013,1212635935
37.74429,-122.42071,1212638179
37.78531,-122.40532,1212637078
37.79488,-122.42299,1212636534
37.79136,-122.39888,1212635951
37.74207,-122.42225,1212638358
37.75373,-122.4199,1212638061
37.79229,-122.42326,1212637248
37.76505,-122.42201,1212634983
37.78718,-122.403,1212636700
37.77294,-122.4033,1212637844
37.78205,-122.45003,1212636859
37.7887,-122.40206,1212635812
37.7982,-122.40382,1212635357
37.77667,-122.39529,1212634852
37.80839,-122.41069,1212635147
37.78926,-122.40766,1212637846
37.79741,-122.44579,1212636705
37.78639,-122.40305,1212635952
37.78501,-122.41941,1212635493
37.77319,-122.44493,1212637569
37.78624,-122.41073,1212636144
37.78576,-122.41816,1212635139
37.79863,-122.42381,1212637521
37.80656,-122.40656,1212636646
37.78848,-122.40726,1212635965
37.79048,-122.42112,1212635616
37.79193,-122.40299,1212635417
37.79684,-122.40057,1212634919
37.76721,-122.42919,1212637435
37.79244,-122.40614,1212636418
37.79266,-122.40348,1212635571
37.79098,-122.40122,1212638369
37.77283,-122.42213,1212637594
37.76079,-122.43502,1212636977
37.79762,-122.43078,1212634907
37.77222,-122.42948,1212638070
37.80046,-122.41053,1212636274
37.77719,-122.39497,1212635037
37.77474,-122.41929,1212634883
37.78881,-122.42015,1212636490
37.78858,-122.42174,1212635423
37.61621,-122.38818,1212637783
37.7865,-122.40461,1212634883
37.61776,-122.3865,1212636979
37.784,-122.40429,1212636064
37.79123,-122.41317,1212635440
37.79525,-122.42666,1212635086
37.78793,-122.41866,1212638273
37.79118,-122.40433,1212638026
37.78761,-122.44413,1212637059
37.79274,-122.39678,1212636318
37.7868,-122.40245,1212635642
37.79615,-122.40069,1212635283
37.61561,-122.38499,1212638064
37.61624,-122.38959,1212636338
37.61749,-122.39855,1212636096
37.78603,-122.41231,1212638237
37.79721,-122.43425,1212637705
37.78896,-122.41182,1212636726
37.78785,-122.40835,1212636318
37.67233,-122.39055,1212637645
37.76868,-122.41555,1212637955
37.78952,-122.42237,1212637016
37.73087,-122.40426,1212638049
37.72276,-122.40085,1212638040
37.80839,-122.40998,1212637720
37.78791,-122.39175,1212636348
37.77856,-122.39233,1212637945
37.78613,-122.41129,1212637785
37.78909,-122.40969,1212637609
37.8035,-122.42511,1212637025
37.78505,-122.40516,1212636002
37.79118,-122.40251,1212634994
37.78886,-122.41913,1212634809
37.78973,-122.40531,1212637644
37.80027,-122.41065,1212635471
37.61758,-122.38661,1212638220
37.79448,-122.40448,1212637686
37.79448,-122.3968,1212637102
37.78719,-122.40802,1212636039
37.80838,-122.41004,1212637615
37.78828,-122.40104,1212636690
37.79346,-122.39725,1212634923
37.79762,-122.43129,1212638081
37.78933,-122.40883,1212637396
37.78271,-122.39309,1212636864
37.80068,-122.43774,1212635597
37.78977,-122.43399,1212638399
37.79327,-122.39408,1212636999
37.7554,-122.42094,1212637683
37.76423,-122.42188,1212636616
37.77701,-122.39484,1212635958
37.80056,-122.40155,1212635519
37.79415,-122.39766,1212635137
37.78774,-122.42013,1212637717
37.79804,-122.43572,1212635753
37.77487,-122.40542,1212634948
37.79702,-122.40074,1212637219
37.78941,-122.40745,1212636562
37.79149,-122.40558,1212636019
37.76077,-122.435,1212638158
37.78187,-122.44767,1212636762
37.79196,-122.40393,1212635995
37.79052,-122.42068,1212636754
37.78037,-122.41262,1212636262
37.77375,-122.4178,1212635454
37.79739,-122.43257,1212637950
37.78854,-122.40149,1212637013
37.80024,-122.41052,1212635123
37.76832,-122.41982,1212638036
37.7892,-122.40723,1212637405
37.75824,-122.42126,1212638385
37.7687,-122.42225,1212636942
37.78578,-122.41308,1212636467
37.79011,-122.41734,1212635769
37.79359,-122.42136,1212635109
37.78044,-122.43214,1212636828
37.79041,-122.40273,1212636055
37.80326,-122.43139,1212635139
37.80112,-122.4116,1212637975
37.76802,-122.39434,1212636752
37.77656,-122.39442,1212636307
37.77743,-122.41304,1212635846
37.78576,-122.40608,1212635552
37.78505,-122.40492,1212635045
37.78964,-122.42182,1212637857
37.79053,-122.40573,1212636592
37.6161,-122.38823,1212635280
37.79267,-122.39949,1212636863
37.78732,-122.40192,1212636471
37.61594,-122.39814,1212635479
37.78718,-122.44712,1212638069
37.79312,-122.39812,1212636610
37.80826,-122.41593,1212635905
37.77605,-122.42177,1212635089
37.80744,-122.41414,1212638326
37.79521,-122.40493,1212637570
37.78051,-122.39076,1212636914
37.77143,-122.40882,1212636439
37.77645,-122.41776,1212637809
37.76054,-122.435,1212635249
37.74544,-122.43777,1212634956
37.80649,-122.41413,1212636733
37.78574,-122.4078,1212636095
37.79475,-122.40046,1212634927
37.61513,-122.39735,1212638128
37.61445,-122.396,1212634990
37.61662,-122.38436,1212636194
37.7899,-122.40266,1212636212
37.61443,-122.39638,1212636491
37.64285,-122.406,1212637119
37.72371,-122.43552,1212638289
37.76561,-122.41546,1212637433
37.79159,-122.42087,1212636474
37.77317,-122.4123,1212636131
37.78928,-122.406,1212638374
37.78783,-122.40745,1212637657
37.78757,-122.40794,1212636226
37.77643,-122.43135,1212637423
37.78497,-122.43655,1212636609
37.79462,-122.40367,1212635984
37.79408,-122.3975,1212635698
37.7925,-122.4054,1212637047
37.80824,-122.41594,1212635809
37.78709,-122.41021,1212635270
37.61567,-122.38465,1212638324
37.61724,-122.38745,1212635416
37.78668,-122.40272,1212637139
37.80098,-122.42659,1212635994
37.78937,-122.4261,1212635274
37.7781,-122.40928,1212637487
37.78582,-122.42138,1212636649
37.79244,-122.42457,1212635540
37.76949,-122.45088,1212635668
37.78412,-122.40801,1212635009
37.80017,-122.42939,1212638298
37.79242,-122.41437,1212637344
37.797,-122.42198,1212637103
37.80015,-122.44144,1212635808
37.79716,-122.43523,1212635551
37.78432,-122.47342,1212638375
37.79526,-122.39986,1212636536
37.61068,-122.39419,1212636380
37.75663,-122.41902,1212638114
37.77368,-122.41187,1212637618
37.78519,-122.40026,1212636762
37.80837,-122.41481,1212635932
37.79389,-122.39641,1212635541
37.76877,-122.41551,1212637727
37.78611,-122.40797,1212636656
37.61553,-122.39037,1212636357
37.61511,-122.39015,1212637249
37.73812,-122.46243,1212637616
37.78692,-122.39802,1212636398
37.78181,-122.40471,1212635120
37.78896,-122.41853,1212638110
37.78744,-122.40722,1212635111
37.73166,-122.43964,1212634890
