37.61615,-122.38833,1212719619
37.80031,-122.41031,1212721188
37.78942,-122.39522,1212720223
37.78901,-122.40726,1212719837
37.76934,-122.45201,1212719035
37.77745,-122.43398,1212718138
37.77455,-122.4106,1212720700
37.80264,-122.40194,1212720090
37.79669,-122.40066,1212719338
37.78677,-122.4027,1212718159
37.79164,-122.4106,1212717686
37.61606,-122.38826,1212720884
37.80694,-122.41346,1212719873
37.7986,-122.42235,1212719348
37.78985,-122.41065,1212718897
37.79213,-122.4016,1212717616
37.79213,-122.40623,1212720024
37.78545,-122.43111,1212719169
37.77735,-122.46622,1212718637
37.77245,-122.44294,1212720819
37.78996,-122.40612,1212720510
37.78565,-122.42938,1212719712
37.77014,-122.45278,1212719061
37.79803,-122.41481,1212720701
37.78416,-122.40833,1212719856
37.76222,-122.4195,1212719164
37.79658,-122.39801,1212717610
37.80575,-122.42532,1212719655
37.78277,-122.44266,1212718316
37.78621,-122.41624,1212717641
37.79291,-122.39215,1212720884
37.78702,-122.40825,1212720312
37.78657,-122.40822,1212718978
37.78841,-122.39921,1212719465
37.79586,-122.39754,1212718841
37.78847,-122.40007,1212718000
37.80077,-122.40148,1212720386
37.78918,-122.40364,1212718223
37.79237,-122.40293,1212721009
37.78726,-122.40335,1212719731
37.7808,-122.39042,1212719390
37.78856,-122.40471,1212719083
37.77143,-122.43026,1212720702
37.77122,-122.43038,1212720697
37.61555,-122.39036,1212719475
37.79723,-122.4356,1212720811
37.78647,-122.40647,1212719875
37.7902,-122.39735,1212718993
37.79731,-122.43559,1212718061
37.78159,-122.39424,1212721138
37.78745,-122.40124,1212720775
37.78869,-122.40523,1212719742
37.80839,-122.40999,1212718822
37.77669,-122.39541,1212720629
37.80223,-122.40187,1212718152
37.80236,-122.42463,1212717609
37.777,-122.42299,1212720407
37.78362,-122.39425,1212718555
37.79189,-122.40343,1212718041
37.79373,-122.40036,1212720746
37.76749,-122.42885,1212719850
37.78022,-122.39441,1212718617
37.77672,-122.39546,1212720549
37.80068,-122.40158,1212718331
37.71049,-122.39274,1212718021
37.78874,-122.40208,1212721159
37.78011,-122.39111,1212720855
37.7857,-122.40613,1212720607
37.79686,-122.42203,1212719810
37.79475,-122.40144,1212719086
37.79757,-122.427,1212718399
37.7703,-122.44533,1212721060
37.7625,-122.45801,1212720567
37.76466,-122.4287,1212717738
37.7938,-122.40257,1212719953
37.75348,-122.41863,1212718618
37.78545,-122.46102,1212717660
37.78325,-122.40753,1212720629
37.78273,-122.44222,1212719916
37.7926,-122.40035,1212717863
37.78798,-122.41204,1212721066
37.77664,-122.43808,1212720380
37.77915,-122.39257,1212719608
37.78738,-122.40743,1212720703
37.78727,-122.42009,1212719630
37.78768,-122.4084,1212718207
37.76076,-122.43492,1212721096
37.75072,-122.43399,1212720916
37.78289,-122.48924,1212718867
37.78776,-122.4106,1212720533
37.77997,-122.42018,1212720161
37.79309,-122.42123,1212719122
37.7891,-122.4074,1212717951
37.77971,-122.39175,1212720940
37.80229,-122.40185,1212720151
37.7941,-122.39812,1212719687
37.79292,-122.39883,1212718814
37.78332,-122.4071,1212718020
37.78589,-122.40537,1212720831
37.78732,-122.42025,1212719919
37.78593,-122.40159,1212719005
37.79297,-122.42114,1212718242
37.61706,-122.38742,1212720918
37.79795,-122.40633,1212721099
37.79511,-122.40516,1212720785
37.78933,-122.40705,1212720163
37.80837,-122.41008,1212719440
37.80602,-122.41775,1212718448
37.79635,-122.40451,1212719749
37.78649,-122.41368,1212718556
37.74986,-122.39566,1212717926
37.79186,-122.41222,1212720780
37.79396,-122.45023,1212719367
37.78689,-122.40325,1212718447
37.78791,-122.40992,1212720501
37.76997,-122.44757,1212719055
37.78826,-122.40264,1212718153
37.76978,-122.4487,1212720188
37.78097,-122.39064,1212719245
37.7884,-122.40617,1212718723
37.78792,-122.40829,1212720846
37.79755,-122.40621,1212720035
37.79772,-122.43035,1212718475
37.80129,-122.40172,1212717903
37.61645,-122.38796,1212720787
37.76151,-122.42158,1212720880
37.7513,-122.43305,1212719799
37.75346,-122.4322,1212718483
37.78526,-122.41626,1212717625
37.77765,-122.4133,1212718843
37.75536,-122.42004,1212718187
37.61532,-122.39081,1212720499
37.79385,-122.40294,1212718616
37.78784,-122.40393,1212718142
37.77303,-122.43764,1212719837
37.78886,-122.41069,1212718613
37.78489,-122.41918,1212718306
37.78054,-122.4643,1212719341
37.79405,-122.40018,1212718197
37.79486,-122.40172,1212719947
37.79186,-122.40735,1212719657
37.77024,-122.42922,1212718870
37.79152,-122.41239,1212720659
37.80027,-122.41012,1212719974
37.78923,-122.40384,1212719475
37.78969,-122.40403,1212718736
37.76232,-122.4351,1212720617
37.75951,-122.44465,1212720059
37.7967,-122.40098,1212718592
37.78788,-122.40841,1212717736
37.77664,-122.3955,1212721191
37.77671,-122.39557,1212719935
37.76491,-122.42135,1212718453
37.7603,-122.43934,1212717935
37.7513,-122.43305,1212717617
37.80649,-122.41634,1212718315
37.77669,-122.3955,1212720098
37.73707,-122.39131,1212720039
37.75635,-122.41887,1212719301
37.78877,-122.41108,1212719658
37.6521,-122.40684,1212718554
37.7867,-122.41299,1212720712
37.78252,-122.41818,1212720419
37.79221,-122.4433,1212719616
37.78808,-122.3999,1212719349
37.78689,-122.43328,1212718728
37.78698,-122.41816,1212718004
37.78446,-122.39936,1212720090
37.79267,-122.39992,1212718815
37.78904,-122.40336,1212718300
37.79293,-122.39953,1212721009
37.76176,-122.4351,1212718676
37.77699,-122.39499,1212717705
37.76475,-122.42199,1212719312
37.79875,-122.42215,1212718670
37.79553,-122.39739,1212717896
37.79351,-122.43648,1212717841
37.6703,-122.39224,1212720741
37.80802,-122.41769,1212720697
37.78588,-122.41293,1212719848
37.76033,-122.4349,1212718996
37.76035,-122.43491,1212718987
37.78663,-122.42,1212718271
37.61533,-122.38981,1212720710
37.78558,-122.43002,1212719600
37.79974,-122.41427,1212719003
37.79717,-122.40557,1212718082
37.78896,-122.4037,1212717905
37.79206,-122.40257,1212720344
37.78627,-122.45337,1212719735
37.79165,-122.40331,1212717821
37.78617,-122.4111,1212721083
37.80066,-122.4365,1212720098
37.78811,-122.44045,1212719649
37.78595,-122.41105,1212718164
37.79429,-122.40023,1212717605
37.79166,-122.39886,1212720556
37.78804,-122.41074,1212719876
37.7875,-122.41358,1212719425
37.77692,-122.42331,1212720703
37.7881,-122.44022,1212720249
37.79718,-122.43547,1212719485
37.78069,-122.46886,1212718227
37.61603,-122.38833,1212718309
37.76069,-122.43496,1212720857
37.78536,-122.40918,1212720157
37.78515,-122.40506,1212719821
37.78003,-122.40353,1212717815
37.78808,-122.43377,1212720264
37.79849,-122.43584,1212719994
37.77541,-122.41964,1212718774
37.78877,-122.41052,1212718362
37.79921,-122.40893,1212721119
37.78756,-122.38764,1212720802
37.77898,-122.39421,1212720545
37.76401,-122.46625,1212719262
37.7866,-122.46732,1212718401
37.78572,-122.40657,1212720811
37.79253,-122.40352,1212719420
37.78516,-122.40061,1212718644
37.80714,-122.42067,1212717794
37.79735,-122.40859,1212721136
37.79268,-122.40321,1212720623
37.78118,-122.41188,1212719383
37.73714,-122.4347,1212718382
37.78652,-122.40806,1212719432
37.80908,-122.41823,1212718612
37.80004,-122.44207,1212717739
37.78757,-122.41326,1212718701
37.79539,-122.42177,1212720915
37.79785,-122.42959,1212720606
37.79664,-122.44701,1212720126
37.79542,-122.39698,1212719336
37.79548,-122.40354,1212718030
37.79735,-122.40085,1212717927
37.78525,-122.40062,1212720438
37.7966,-122.42374,1212719554
37.80259,-122.40182,1212718283
37.79243,-122.39252,1212720997
37.79267,-122.40128,1212719175
37.79869,-122.40795,1212720225
37.78597,-122.40795,1212719541
37.79649,-122.39688,1212718137
37.61422,-122.39633,1212718757
37.59197,-122.36285,1212717643
