37.79765,-122.40903,1212828865
37.79593,-122.42011,1212828097
37.78261,-122.39118,1212826683
37.78733,-122.42011,1212828876
37.76485,-122.4233,1212828451
37.75902,-122.41916,1212827699
37.74923,-122.41811,1212827471
37.76073,-122.43495,1212829017
37.76073,-122.43493,1212828491
37.79395,-122.40968,1212826230
37.74513,-122.42012,1212828747
37.7699,-122.42228,1212827834
37.80081,-122.43651,1212826062
37.78896,-122.43371,1212828004
37.79149,-122.42263,1212827706
37.76489,-122.42393,1212826971
37.75385,-122.42079,1212826305
37.7692,-122.45302,1212829118
37.78616,-122.41844,1212828104
37.78218,-122.41017,1212827588
37.7491,-122.4203,1212826962
37.76072,-122.435,1212825674
37.74918,-122.42137,1212828781
37.77697,-122.39517,1212827811
37.78908,-122.38918,1212827149
37.80058,-122.40556,1212825887
37.79386,-122.40797,1212826319
37.79223,-122.41102,1212825902
37.7811,-122.4608,1212828495
37.79232,-122.42108,1212826992
37.79359,-122.39708,1212826224
37.80576,-122.41267,1212827969
37.78824,-122.41194,1212827485
37.78618,-122.41708,1212827070
37.78712,-122.41885,1212826104
37.75632,-122.41881,1212829074
37.7561,-122.41881,1212828444
37.76491,-122.42236,1212827577
37.79189,-122.41761,1212827084
37.79205,-122.40945,1212826798
37.76093,-122.43564,1212826045
37.79771,-122.4222,1212828970
37.79622,-122.42181,1212828662
37.77968,-122.42354,1212827831
37.77435,-122.42246,1212827329
37.7708,-122.44154,1212826990
37.80096,-122.43639,1212828490
37.78808,-122.42175,1212827698
37.7798,-122.44728,1212827370
37.77101,-122.41282,1212826602
37.79972,-122.4365,1212829034
37.78666,-122.41435,1212827938
37.78718,-122.41164,1212827638
37.79069,-122.42065,1212825893
37.76086,-122.43554,1212828488
37.77291,-122.40975,1212827914
37.78913,-122.4007,1212827381
37.78713,-122.39757,1212826944
37.76397,-122.4664,1212828933
37.72165,-122.47503,1212828365
37.75705,-122.4973,1212827317
37.77397,-122.4375,1212826198
37.7985,-122.42237,1212828936
37.79845,-122.43573,1212828633
37.77639,-122.42114,1212827802
37.80374,-122.41524,1212826840
37.80336,-122.42326,1212826283
37.79959,-122.43603,1212828573
37.7811,-122.4609,1212827655
37.78526,-122.43276,1212826640
37.78169,-122.40939,1212828915
37.78614,-122.41864,1212828540
37.75914,-122.42536,1212827956
37.77278,-122.40991,1212827261
37.79816,-122.43573,1212825999
37.76981,-122.44871,1212828354
37.76637,-122.45332,1212827910
37.77592,-122.40885,1212826912
37.76006,-122.42168,1212828973
37.7814,-122.43264,1212828461
37.78748,-122.41989,1212828048
37.78108,-122.46069,1212827526
37.78081,-122.45393,1212826843
37.80008,-122.44114,1212826033
37.79392,-122.39558,1212828526
37.78853,-122.41352,1212829010
37.77331,-122.43594,1212828608
37.77424,-122.43774,1212826780
37.77882,-122.44195,1212826663
37.75916,-122.41162,1212825877
37.79864,-122.4224,1212829055
37.78801,-122.41008,1212828542
37.76481,-122.42384,1212827979
37.75533,-122.42082,1212827246
37.79537,-122.40368,1212826505
37.77217,-122.41979,1212825635
37.77014,-122.44571,1212828908
37.76788,-122.42907,1212828312
37.78896,-122.44195,1212827758
37.79952,-122.40892,1212827075
37.78495,-122.42123,1212826403
37.78845,-122.42038,1212826042
37.78893,-122.4405,1212825708
37.77722,-122.50931,1212829044
37.7976,-122.40618,1212827034
37.75673,-122.41874,1212825995
37.79757,-122.4092,1212828339
37.79943,-122.40912,1212828106
37.80037,-122.43978,1212827549
37.76034,-122.41917,1212826280
37.74272,-122.47577,1212829184
37.7639,-122.46629,1212828160
37.78105,-122.46131,1212827482
37.78638,-122.40829,1212825708
37.79922,-122.41073,1212828962
37.77485,-122.43773,1212828185
37.79906,-122.43588,1212827214
37.79153,-122.42096,1212826649
37.79823,-122.43577,1212826031
37.79753,-122.43205,1212828558
37.76702,-122.40655,1212826612
37.77615,-122.41158,1212826300
37.79055,-122.42224,1212825759
37.7541,-122.41863,1212828969
37.75087,-122.41826,1212826649
37.78733,-122.41173,1212825686
37.79774,-122.40089,1212828684
37.78803,-122.41,1212828366
37.74936,-122.41317,1212827243
37.76484,-122.41971,1212826576
37.77947,-122.39799,1212825832
37.79968,-122.40866,1212827268
37.80011,-122.44204,1212826728
37.76981,-122.41803,1212826034
37.7976,-122.4064,1212825931
37.76066,-122.43497,1212828950
37.78224,-122.39453,1212827572
37.78176,-122.4099,1212827143
37.7623,-122.43506,1212826476
37.77762,-122.42494,1212825752
37.75679,-122.41906,1212828635
37.76769,-122.42909,1212826011
37.74107,-122.42386,1212827231
37.75391,-122.41862,1212826971
37.77997,-122.48577,1212829076
37.78716,-122.41256,1212828275
37.77657,-122.41931,1212827514
37.77707,-122.41889,1212827481
37.77604,-122.42943,1212827285
37.7987,-122.43568,1212826769
37.78888,-122.44053,1212826458
37.78792,-122.41985,1212826098
37.78701,-122.41234,1212825887
37.78633,-122.40139,1212825710
37.77659,-122.42528,1212829157
37.78013,-122.40332,1212828707
37.74305,-122.47577,1212827003
37.76984,-122.44817,1212828921
37.79952,-122.43784,1212828056
37.615,-122.39005,1212826409
37.75407,-122.41863,1212829030
37.74805,-122.41977,1212828721
37.74805,-122.41977,1212828705
37.76928,-122.45248,1212829143
37.76749,-122.40664,1212827857
37.76387,-122.39646,1212827348
37.77453,-122.40124,1212826926
37.78848,-122.4099,1212826497
37.76052,-122.42141,1212825859
37.78913,-122.41126,1212828841
37.78778,-122.4117,1212828593
37.78697,-122.41958,1212828272
37.78606,-122.41114,1212827569
37.75507,-122.40944,1212826480
37.76496,-122.43533,1212825696
37.75674,-122.41899,1212827964
37.78949,-122.4205,1212827448
37.79114,-122.41622,1212827213
37.78906,-122.40876,1212826738
37.79968,-122.43608,1212826137
37.78499,-122.42122,1212828816
37.80674,-122.41928,1212828384
37.79954,-122.40741,1212827418
37.76363,-122.4218,1212825914
37.78303,-122.46378,1212828641
37.7964,-122.40397,1212827703
37.79899,-122.43579,1212826989
37.79807,-122.40558,1212826060
37.7878,-122.42015,1212829139
37.7889,-122.43357,1212828762
37.79959,-122.40919,1212828143
37.7847,-122.4041,1212827554
37.76233,-122.43515,1212826184
37.78601,-122.40603,1212829143
37.76789,-122.42914,1212828327
37.78076,-122.4125,1212826695
37.78705,-122.40114,1212826111
37.78475,-122.40944,1212825770
37.78424,-122.43279,1212829092
37.76265,-122.42165,1212828313
37.77361,-122.42235,1212827627
37.79291,-122.39791,1212826965
37.79534,-122.40335,1212826465
37.80464,-122.44455,1212825700
37.79925,-122.41065,1212828273
37.76492,-122.42318,1212827410
37.76031,-122.41713,1212826105
37.78946,-122.39867,1212828877
37.78587,-122.39951,1212828210
37.75865,-122.4186,1212827352
37.77708,-122.41267,1212828903
37.7987,-122.43581,1212828300
37.77213,-122.43711,1212827688
37.79966,-122.40742,1212826727
37.8079,-122.41741,1212825767
37.79965,-122.40937,1212828936
37.78448,-122.4331,1212828196
37.79981,-122.43627,1212826578
37.79878,-122.44508,1212826089
37.74991,-122.40981,1212828346
37.78108,-122.40889,1212826332
37.78541,-122.40947,1212826096
37.79973,-122.43609,1212828789
37.77466,-122.43772,1212827914
37.7775,-122.42638,1212827173
37.77533,-122.43792,1212826921
37.78731,-122.41999,1212826332
37.78968,-122.42048,1212826017
37.79062,-122.41738,1212825645
37.75924,-122.44484,1212828901
37.76079,-122.43495,1212828076
37.7757,-122.44648,1212826450
37.7995,-122.40915,1212828255
37.80045,-122.41047,1212827981
37.79965,-122.43664,1212827485
37.78108,-122.46096,1212826299
37.78033,-122.47824,1212826085
37.71655,-122.44123,1212828875
37.74377,-122.48108,1212827920
37.78397,-122.43282,1212825732
37.76018,-122.43501,1212828933
37.76808,-122.42556,1212828320
37.78787,-122.42015,1212826820
37.77391,-122.4114,1212826274
37.79694,-122.42178,1212825673
37.80023,-122.44624,1212828217
37.78783,-122.4117,1212826237
37.77634,-122.42771,1212828708
37.76085,-122.41936,1212828210
37.79624,-122.40413,1212827425
37.78687,-122.40261,1212826855
37.7878,-122.40997,1212826486
37.76577,-122.44986,1212825747
37.79314,-122.39955,1212828320
37.79256,-122.40547,1212828174
37.80074,-122.43716,1212827601
37.7862,-122.41986,1212827169
37.78757,-122.42012,1212827137
37.78664,-122.41659,1212826819
37.79952,-122.43603,1212826273
37.79989,-122.43264,1212825902
37.75388,-122.41846,1212828954
37.76571,-122.4078,1212828558
37.76844,-122.41772,1212828317
37.76294,-122.43461,1212827983
37.76422,-122.42644,1212827785
37.77022,-122.4457,1212827285
37.78303,-122.4785,1212825832
37.79752,-122.43198,1212828557
37.78852,-122.43676,1212827406
37.76505,-122.42174,1212826322
37.78025,-122.48024,1212829096
37.78677,-122.41984,1212828197
37.79605,-122.40511,1212827128
37.77167,-122.41426,1212826569
37.78737,-122.41401,1212825634
37.77301,-122.42406,1212827801
37.78779,-122.42019,1212827063
37.78554,-122.40599,1212826583
37.78588,-122.39702,1212828021
37.79748,-122.40651,1212827605
37.76239,-122.41115,1212826618
37.78038,-122.41255,1212825686
37.7868,-122.42001,1212828651
37.76489,-122.42204,1212827782
37.76809,-122.38919,1212826835
37.79275,-122.39669,1212826318
37.79644,-122.40354,1212829005
37.80397,-122.42601,1212828089
37.78802,-122.41014,1212827478
37.7651,-122.3979,1212826337
