37.76074,-122.43495,1212897195
37.79803,-122.40551,1212896256
37.80428,-122.43782,1212895601
37.78669,-122.41465,1212894864
37.80147,-122.41197,1212897500
37.79609,-122.4042,1212896496
37.79437,-122.43376,1212896041
37.79601,-122.42189,1212895782
37.80631,-122.47479,1212894952
37.78046,-122.41767,1212894168
37.77516,-122.4132,1212897400
37.78508,-122.39089,1212896799
37.75036,-122.43635,1212894961
37.74854,-122.43165,1212894668
37.78622,-122.41651,1212897027
37.78075,-122.41206,1212896117
37.76977,-122.44879,1212895478
37.79664,-122.42371,1212894678
37.78421,-122.40167,1212894750
37.78726,-122.40732,1212897038
37.78659,-122.41441,1212894989
37.7634,-122.38896,1212894395
37.61523,-122.39018,1212896861
37.61507,-122.39014,1212894389
37.78524,-122.40666,1212897034
37.80278,-122.41776,1212894192
37.79116,-122.41583,1212897096
37.79389,-122.39689,1212895740
37.80135,-122.40924,1212895363
37.78774,-122.40817,1212894892
37.76254,-122.3977,1212894064
37.7881,-122.40791,1212894661
37.8064,-122.42282,1212896216
37.80015,-122.44129,1212895340
37.75177,-122.42739,1212894144
37.7881,-122.42198,1212894983
37.80023,-122.44076,1212896410
37.79922,-122.41903,1212897018
37.79217,-122.41769,1212896608
37.78533,-122.40917,1212896084
37.77387,-122.43178,1212895433
37.77666,-122.40801,1212894740
37.80012,-122.44273,1212897356
37.80192,-122.42133,1212896911
37.7877,-122.40849,1212897282
37.79987,-122.42769,1212896643
37.79573,-122.4313,1212895842
37.80299,-122.43895,1212895076
37.79772,-122.40671,1212897117
37.76581,-122.46646,1212896030
37.76466,-122.42682,1212895051
37.76321,-122.42402,1212894332
37.79766,-122.43109,1212896082
37.80146,-122.43155,1212895775
37.76858,-122.45068,1212894738
37.79171,-122.41038,1212894000
37.79803,-122.42892,1212896801
37.79432,-122.40091,1212895873
37.80011,-122.41236,1212895378
37.76497,-122.41978,1212897500
37.77218,-122.43044,1212896950
37.78799,-122.4337,1212896207
37.78597,-122.41013,1212895123
37.80838,-122.40997,1212894484
37.78571,-122.40628,1212896141
37.78674,-122.41362,1212895794
37.79965,-122.43044,1212895201
37.7616,-122.43516,1212897594
37.78503,-122.41953,1212895991
37.79921,-122.41922,1212895159
37.79327,-122.4213,1212894432
37.77981,-122.41179,1212896808
37.80839,-122.40981,1212895872
37.7942,-122.39527,1212894372
37.79015,-122.40864,1212894004
37.79239,-122.42106,1212895537
37.80477,-122.44275,1212894734
37.78876,-122.40253,1212897030
37.78233,-122.40411,1212896363
37.78782,-122.40837,1212896001
37.7875,-122.40825,1212895350
37.79727,-122.43455,1212894456
37.75915,-122.43482,1212897021
37.77675,-122.43648,1212895695
37.76563,-122.41096,1212894979
37.79722,-122.4356,1212894095
37.76162,-122.42396,1212896398
37.76083,-122.43483,1212895234
37.78308,-122.44289,1212896803
37.7858,-122.43549,1212896615
37.79626,-122.42706,1212896275
37.79991,-122.41358,1212895697
37.78872,-122.4134,1212894991
37.85715,-122.48039,1212895934
37.78191,-122.4043,1212894358
37.79329,-122.39196,1212897262
37.78534,-122.4089,1212896747
37.79439,-122.40633,1212896153
37.78968,-122.40689,1212894324
37.63098,-122.40259,1212895724
37.77859,-122.39239,1212896878
37.75838,-122.39547,1212895657
37.77662,-122.39368,1212894874
37.77855,-122.46523,1212897377
37.7757,-122.44639,1212896670
37.77113,-122.43701,1212895586
37.77333,-122.42174,1212895151
37.79815,-122.40378,1212894468
37.79202,-122.41325,1212894175
37.79145,-122.41402,1212895752
37.78839,-122.40137,1212894167
37.77699,-122.43815,1212896910
37.75384,-122.4185,1212895986
37.77479,-122.43175,1212895205
37.78447,-122.40849,1212894173
37.80589,-122.42041,1212897418
37.77395,-122.42083,1212896836
37.75851,-122.42129,1212896396
37.76592,-122.43316,1212895965
37.78646,-122.41547,1212895462
37.78333,-122.42278,1212894569
37.78705,-122.43303,1212897239
37.75544,-122.41988,1212896457
37.79834,-122.4358,1212895705
37.7927,-122.39666,1212894950
37.78551,-122.42132,1212896970
37.79227,-122.41071,1212894023
37.77336,-122.42164,1212895824
37.80667,-122.42037,1212895098
37.76308,-122.43442,1212896822
37.77188,-122.4475,1212894688
37.78498,-122.41913,1212896577
37.78452,-122.40841,1212895748
37.79762,-122.43116,1212896518
37.78722,-122.4099,1212895784
37.80004,-122.44118,1212895183
37.80038,-122.43113,1212894243
37.77837,-122.41445,1212895502
37.78561,-122.40784,1212894642
37.79752,-122.43192,1212896294
37.78494,-122.40517,1212895303
37.80787,-122.41741,1212894305
37.78999,-122.42554,1212897025
37.8039,-122.41268,1212896081
37.78367,-122.39879,1212895394
37.78582,-122.41098,1212894924
37.76929,-122.41402,1212894425
37.7767,-122.39534,1212897554
37.77678,-122.43821,1212896868
37.79305,-122.42103,1212895802
37.78167,-122.40172,1212895066
37.77831,-122.39353,1212894820
37.7881,-122.4105,1212896468
37.78211,-122.40434,1212896016
37.78674,-122.41175,1212895619
37.78699,-122.41135,1212894543
37.80638,-122.42266,1212897502
37.77215,-122.41373,1212895062
37.79713,-122.43523,1212894104
37.77207,-122.43719,1212897432
37.78589,-122.41095,1212896500
37.78554,-122.42976,1212896154
37.79705,-122.4187,1212895654
37.77866,-122.41019,1212894335
37.79006,-122.40952,1212897204
37.80373,-122.43181,1212896769
37.78227,-122.40434,1212895853
37.78607,-122.41086,1212895596
37.80623,-122.40461,1212894730
37.80806,-122.41743,1212895958
37.80634,-122.42221,1212895391
37.78491,-122.42118,1212894388
37.77174,-122.41418,1212897178
37.80357,-122.42327,1212896133
37.78773,-122.4104,1212895473
37.8082,-122.41627,1212894755
37.79882,-122.42265,1212896564
37.78577,-122.40651,1212895723
37.76499,-122.42047,1212895188
37.78499,-122.41657,1212894703
37.80849,-122.41218,1212897599
37.78625,-122.40201,1212895849
37.79928,-122.41899,1212894253
37.61513,-122.39022,1212896262
37.62493,-122.40079,1212894179
37.78918,-122.44238,1212897503
37.7697,-122.45193,1212896981
37.77192,-122.4304,1212896641
37.78059,-122.42018,1212896160
37.78801,-122.42608,1212895281
37.78611,-122.40515,1212894767
37.78531,-122.42075,1212897249
37.78276,-122.39757,1212896729
37.79966,-122.42367,1212895821
37.79937,-122.42513,1212894714
37.79587,-122.42169,1212897568
37.79234,-122.39864,1212896855
37.78601,-122.41081,1212896212
37.79387,-122.39689,1212895684
37.78757,-122.40335,1212895270
37.7941,-122.3972,1212894433
37.80064,-122.42094,1212896809
37.77592,-122.4089,1212895816
37.78641,-122.40985,1212894124
37.78522,-122.40001,1212897361
37.78697,-122.40575,1212896313
37.78671,-122.41314,1212895659
37.78527,-122.43195,1212895036
37.79697,-122.42204,1212894626
37.80848,-122.41204,1212897468
37.78574,-122.41083,1212895959
37.79343,-122.39646,1212895258
37.78795,-122.4058,1212894643
37.78756,-122.4201,1212896758
37.7524,-122.41842,1212896005
37.76616,-122.43052,1212895516
37.76791,-122.42676,1212895212
37.6143,-122.39539,1212894081
37.7599,-122.42582,1212896966
37.7981,-122.43575,1212897043
37.80332,-122.43181,1212895674
37.77654,-122.39558,1212894588
37.75253,-122.41352,1212895533
37.75078,-122.41662,1212894765
37.79021,-122.42419,1212897372
37.7596,-122.40999,1212895933
37.79235,-122.41094,1212895137
37.7921,-122.41082,1212894494
37.79754,-122.40558,1212897373
37.78997,-122.43406,1212896736
37.79883,-122.40824,1212896187
37.79761,-122.43055,1212895843
37.78618,-122.47117,1212894147
37.77154,-122.4355,1212895712
37.79138,-122.42181,1212895052
37.79335,-122.4213,1212894983
37.79289,-122.41617,1212895450
37.78936,-122.4034,1212895096
37.7828,-122.40548,1212894375
37.74907,-122.41739,1212897230
37.78537,-122.43123,1212896075
37.80261,-122.42237,1212895443
37.80841,-122.41001,1212896775
37.80842,-122.41006,1212895693
37.79438,-122.413,1212894241
37.79237,-122.40117,1212897258
37.78871,-122.41202,1212896845
37.79975,-122.40748,1212896218
37.79833,-122.40718,1212895816
37.78655,-122.41312,1212895063
37.78929,-122.4074,1212896612
37.79754,-122.43204,1212895523
37.79791,-122.44722,1212895195
37.78878,-122.40865,1212894382
37.76733,-122.44547,1212896832
37.79418,-122.42131,1212895920
37.77215,-122.43032,1212895199
37.76232,-122.43518,1212894765
37.78203,-122.48272,1212897190
37.6152,-122.39019,1212895431
37.78618,-122.41114,1212897267
37.78789,-122.43364,1212896613
37.78677,-122.40284,1212896006
37.78723,-122.4243,1212895146
